Name	Count
---	1
0	1
0 a	1
0 c	1
0 d	1
0 e	1
0 f	1
0 g	1
0 h	1
0 i	1
0 l	1
0 m	1
0 n	1
0 o	1
0 p	1
0 r	1
0 s	1
0 u	1
0 y	1
0 z	1
0,e	1
0,f	1
0,g	1
0,p	1
0,s	1
00	1
002	1
006	1
0ae	1
0as	1
0bd	1
0be	1
0bs	1
0ce	1
0cs	1
0d	1
0de	1
0df	1
0dg	1
0ds	1
0e	1
0f	1
0m	1
0s	1
0u	1
1 e	1
1 s	1
1,s	1
1as	1
1ds	1
502	1
999	1
9fd	1
9fs	1
9ft	1
9mk	1
b,s	1
b0d	1
b0e	1
b0f	1
b0g	1
b0h	1
b0l	1
b0m	1
b0n	1
b0p	1
b0s	1
b1s	1
c s	1
d	1
d f	1
d l	1
d s	1
d,s	1
da	1
e	1
e,s	1
f e	1
f g	1
f s	1
f,s	1
g	1
h s	1
i	1
i z	1
i,s	1
ins	1
j e	1
j s	1
j,s	1
jas	1
l	1
m s	1
mu	1
p e	1
p f	1
p m	1
p s	1
p,s	1
s	1
sp	1
sw	1
tre	1
ty	1
u,s	1
z	1
